Burden
h = 2.0
t = [0.0, 2.0, 4.0, 6.0, 8.0, 10.0]

Solucao Analitica = [0.5, 5.305471950534675, -2.299075016572118, -152.71439674636756, -1409.4789935208642, -10892.232897403359]
Adams-Bashforth 4 passos = [0.5, 4.833333333333333, -4.833333333333335, -160.5, -954.5, -4719.361111111111]
Adams-Moulton 4 passos = [0.5, 4.833333333333333, -4.833333333333335, -183.5, -1284.1666666666665, -6941.562499999998]

h = 1.0
t = [0.0, 1.0, 2.0, 3.0, 4.0, 5.0]

Solucao Analitica = [0.5, 2.6408590857704777, 5.305471950534675, 5.957231538406166, -2.299075016572118, -38.2065795512883]
Adams-Bashforth 4 passos = [0.5, 2.625, 5.255208333333334, 5.8370225694444455, -1.17947952835648, -30.44772941683545]
Adams-Moulton 4 passos = [0.5, 2.625, 5.255208333333334, 5.74509006076389, -2.46781186704282, -36.15065487520193]

h = 0.5
t = [0.0, 0.5, 1.0, 1.5, 2.0]

Solucao Analitica = [0.5, 1.425639364649936, 2.6408590857704777, 4.009155464830968, 5.305471950534675]
Adams-Bashforth 4 passos = [0.5, 1.4251302083333335, 2.6396026611328125, 4.006818970044454, 5.316575304501586]
Adams-Moulton 4 passos = [0.5, 1.4251302083333335, 2.6396026611328125, 4.0060228746798305, 5.301663067640254]

h = 0.1
t = [0.0, 0.1, 0.2, 0.3, 0.4, 0.5, 0.6, 0.7, 0.8, 0.9, 1.0, 1.1, 1.2, 1.3, 1.4, 1.5, 1.6, 1.7, 1.8, 1.9, 2.0]

Solucao Analitica = [0.5, 0.6574145409621763, 0.829298620919915, 1.0150705962119986, 1.2140876511793646, 1.425639364649936, 1.648940599804746, 1.8831236462647614, 2.1272295357537665, 2.380198444421525, 2.6408590857704777, 2.9079169880267832, 3.179941538631727, 3.455351666190377, 3.7324000165776625, 4.009155464830968, 4.283483787802443, 4.5530263041364005, 4.815176267793525, 5.067052778860366, 5.305471950534675]
Adams-Bashforth 4 passos = [0.5, 0.657414375, 0.8292982759973958, 1.0150700584326051, 1.214089170119884, 1.4256436607281069, 1.6489480273156176, 1.883134836848713, 2.1272452340608745, 2.380219469741703, 2.640886381174053, 2.907951641084163, 3.179984795435225, 3.4554049529382933, 3.7324649644819408, 4.009233937333996, 4.283577911287059, 4.553138502651516, 4.815309302155338, 5.0672097906708355, 5.305656511738559]
Adams-Moulton 4 passos = [0.5, 0.657414375, 0.8292982759973958, 1.0150700505592456, 1.2140869525872358, 1.4256385903743674, 1.64893984350177, 1.883123029163801, 2.1272292126368244, 2.3801986083262316, 2.640859974804334, 2.9079188933961904, 3.1799448136784787, 3.455356736779142, 3.7324073930464126, 4.009165755686706, 4.283497715399948, 4.553044722612762, 4.815200183561627, 5.067083374003479, 5.3055106094889695]

h = 4.0
t = [0.0, 4.0, 8.0, 12.0, 16.0, 20.0, 24.0, 28.0, 32.0, 36.0]

Solucao Analitica = [0.5, -2.299075016572118, -1409.4789935208642, -81208.39570950196, -4.442766260253936e6, -2.4258215670489514e8, -1.3244560439921736e10, -7.231285313047375e11, -3.948148009025134e13, -2.1556157735562285e15]
Adams-Bashforth 4 passos = [0.5, -13.5, -1262.1666666666667, -45967.72222222222, -455796.53703703696, -4.190975969135802e6, -3.8409768109053485e7, -3.520325444739368e8, -3.2264657407501135e9, -2.9571326741684566e10]
Adams-Moulton 4 passos = [0.5, -13.5, -1262.1666666666667, -74600.61111111111, -994266.4629629629, -1.0368581401234565e7, -1.0000289005144031e8, -9.362554571680382e8, -8.659158972516e9, -7.967327805737872e10]


Wikipedia
h = 2.0
t = [0.0, 2.0, 4.0, 6.0, 8.0, 10.0]

Solucao Analitica = [1.0, 7.38905609893065, 54.598150033144236, 403.4287934927351, 2980.9579870417283, 22026.465794806718]
Adams-Bashforth 4 passos = [1.0, 7.0, 49.0, 343.0, 1695.0, 7923.166666666666]
Adams-Moulton 4 passos = [1.0, 7.0, 49.0, 381.0, 2235.6666666666665, 11563.180555555553]

h = 1.0
t = [0.0, 1.0, 2.0, 3.0, 4.0, 5.0]

Solucao Analitica = [1.0, 2.718281828459045, 7.38905609893065, 20.085536923187668, 54.598150033144236, 148.4131591025766]
Adams-Bashforth 4 passos = [1.0, 2.708333333333333, 7.335069444444444, 19.865813078703702, 51.15993622202932, 129.85727330588512]
Adams-Moulton 4 passos = [1.0, 2.708333333333333, 7.335069444444444, 20.069109881365737, 53.726839042004244, 141.08162744153185]

h = 0.5
t = [0.0, 0.5, 1.0, 1.5, 2.0, 2.5, 3.0, 3.5, 4.0]

Solucao Analitica = [1.0, 1.6487212707001282, 2.718281828459045, 4.4816890703380645, 7.38905609893065, 12.182493960703473, 20.085536923187668, 33.11545195869231, 54.598150033144236]
Adams-Bashforth 4 passos = [1.0, 1.6484375, 2.71734619140625, 4.47937536239624, 7.355092177788416, 12.062442073184581, 19.78670557780208, 32.461888010673526, 53.255695064933]
Adams-Moulton 4 passos = [1.0, 1.6484375, 2.71734619140625, 4.481966366370519, 7.386443389372692, 12.16169166887886, 20.009655029887696, 32.903788836323244, 54.0826775861978]

h = 0.1
t = [0.0, 0.1, 0.2, 0.3, 0.4, 0.5, 0.6, 0.7, 0.8, 0.9, 1.0, 1.1, 1.2, 1.3, 1.4, 1.5, 1.6, 1.7, 1.8, 1.9, 2.0, 2.1, 2.2, 2.3, 2.4, 2.5, 2.6, 2.7, 2.8, 2.9, 3.0, 3.1, 3.2, 3.3, 3.4, 3.5, 3.6, 3.7, 3.8, 3.9, 4.0]

Solucao Analitica = [1.0, 1.1051709180756477, 1.2214027581601699, 1.3498588075760032, 1.4918246976412703, 1.6487212707001282, 1.8221188003905089, 2.0137527074704766, 2.225540928492468, 2.45960311115695, 2.718281828459045, 3.0041660239464334, 3.3201169227365472, 3.6692966676192444, 4.0551999668446745, 4.4816890703380645, 4.953032424395115, 5.4739473917272, 6.0496474644129465, 6.6858944422792685, 7.38905609893065, 8.16616991256765, 9.025013499434122, 9.974182454814718, 11.023176380641601, 12.182493960703473, 13.463738035001692, 14.879731724872837, 16.444646771097048, 18.17414536944306, 20.085536923187668, 22.197951281441636, 24.532530197109352, 27.112638920657883, 29.96410004739701, 33.11545195869231, 36.59823444367799, 40.4473043600674, 44.701184493300815, 49.40244910553017, 54.598150033144236]
Adams-Bashforth 4 passos = [1.0, 1.1051708333333334, 1.2214025708506946, 1.3498584970625378, 1.491820107444129, 1.6487109916283502, 1.822102072686739, 2.0137282518266053, 2.2255072405149283, 2.459558528578701, 2.7182244391822494, 3.0040936250218047, 3.320026991093572, 3.6691863166202174, 4.055065896256708, 4.481527511501675, 4.952839078370642, 5.473717359386071, 6.0493751677261445, 6.685573535715138, 7.388679369716966, 8.165729168461269, 9.024499442477909, 9.973584539374416, 11.02248265381196, 12.181690882945702, 13.462810278619287, 14.878661947648192, 16.443415362093177, 18.17273016361936, 20.083912881081762, 22.196090129725796, 24.53040002533485, 27.11020372894754, 29.961319239228693, 33.112279772226735, 36.59461931431433, 40.44318820605118, 44.69650191524952, 49.39712648967158, 54.592104546868576]
Adams-Moulton 4 passos = [1.0, 1.1051708333333334, 1.2214025708506946, 1.349858908988442, 1.4918249848920146, 1.6487215751566475, 1.822118919184503, 2.0137523810180604, 2.2255398284481087, 2.4596008305806776, 2.7182778679658886, 3.004159775432942, 3.3201076510321887, 3.669283489407167, 4.055181826429328, 4.481664711886281, 4.953000360171429, 5.473905865774469, 6.0495944110673, 6.685827438829858, 7.3889723116451, 8.166066035204793, 9.024885683253945, 9.974026228969844, 11.022986561693468, 12.182264549848018, 13.463462101411302, 14.879401273361726, 16.444252592092987, 18.173676868996917, 20.084981930470143, 22.197295830860032, 24.531758281822533, 27.111732213869725, 29.96303758736277, 33.1142097928728, 36.59678522691642, 40.445616901036715, 44.699223242766855, 49.400173579189136, 54.59551416091252]

h = 4.0
t = [0.0, 4.0, 8.0, 12.0, 16.0, 20.0, 24.0, 28.0, 32.0, 36.0]

Solucao Analitica = [1.0, 54.598150033144236, 2980.9579870417283, 162754.79141900392, 8.886110520507872e6, 4.851651954097903e8, 2.648912212984347e10, 1.446257064291475e12, 7.896296018268069e13, 4.311231547115195e15]
Adams-Bashforth 4 passos = [1.0, 34.333333333333336, 1178.7777777777778, 40471.37037037038, 400077.8395061729, 3.676707189300412e6, 3.3693562953360766e7, 3.0880337561911297e8, 2.8302538606610274e9, 2.5939942967227608e10]
Adams-Moulton 4 passos = [1.0, 34.333333333333336, 1178.7777777777778, 65590.1851851852, 872432.6049382716, 9.095734613168724e6, 8.772314317832646e7, 8.212837865948788e8, 7.595809904923791e9, 6.98893397563912e10]


Chapra
h = 2.0
t = [0.0, 2.0, 4.0, 6.0, 8.0, 10.0]

Solucao Analitica = [1.0, 2.0, 3.0, -92.0, -571.0, -1914.0]
Adams-Bashforth 4 passos = [1.0, 2.0, 3.0, -92.0, -571.0, -1914.0]
Adams-Moulton 4 passos = [1.0, 2.0, 3.0, -92.0, -571.0, -1914.0]

h = 1.0
t = [0.0, 1.0, 2.0, 3.0, 4.0, 5.0]

Solucao Analitica = [1.0, 3.0, 2.0, 4.0, 3.0, -19.0]
Adams-Bashforth 4 passos = [1.0, 3.0, 2.0, 4.0, 3.0, -19.0]
Adams-Moulton 4 passos = [1.0, 3.0, 2.0, 4.0, 3.0, -19.0]

h = 0.5
t = [0.0, 0.5, 1.0, 1.5, 2.0, 2.5, 3.0, 3.5, 4.0]

Solucao Analitica = [1.0, 3.21875, 3.0, 2.21875, 2.0, 2.71875, 4.0, 4.71875, 3.0]
Adams-Bashforth 4 passos = [1.0, 3.21875, 3.0, 2.21875, 2.0, 2.71875, 4.0, 4.71875, 3.0]
Adams-Moulton 4 passos = [1.0, 3.21875, 3.0, 2.21875, 2.0, 2.71875, 4.0, 4.71875, 3.0]

h = 0.1
t = [0.0, 0.1, 0.2, 0.3, 0.4, 0.5, 0.6, 0.7, 0.8, 0.9, 1.0, 1.1, 1.2, 1.3, 1.4, 1.5, 1.6, 1.7, 1.8, 1.9, 2.0, 2.1, 2.2, 2.3, 2.4, 2.5, 2.6, 2.7, 2.8, 2.9, 3.0, 3.1, 3.2, 3.3, 3.4, 3.5, 3.6, 3.7, 3.8, 3.9, 4.0]

Solucao Analitica = [1.0, 1.7539500000000001, 2.3312, 2.7539499999999997, 3.0432, 3.21875, 3.2992, 3.3019499999999997, 3.2432, 3.137949999999999, 3.0, 2.8419500000000015, 2.6752000000000002, 2.50995, 2.355199999999998, 2.21875, 2.107199999999999, 2.025949999999998, 1.9791999999999987, 1.9699499999999937, 2.0, 2.069950000000002, 2.1792000000000087, 2.3259499999999917, 2.5072000000000045, 2.71875, 2.955200000000005, 3.2099500000000063, 3.4751999999999867, 3.7419500000000028, 4.0, 4.237950000000005, 4.4432000000000045, 4.601950000000016, 4.699199999999998, 4.71875, 4.6432, 4.453950000000006, 4.1311999999999784, 3.653950000000002, 3.0]
Adams-Bashforth 4 passos = [1.0, 1.7539500000000001, 2.3312, 2.75395, 3.0432, 3.21875, 3.2992, 3.3019499999999997, 3.2431999999999994, 3.13795, 2.9999999999999996, 2.8419499999999998, 2.6752000000000002, 2.50995, 2.3551999999999995, 2.218749999999999, 2.1071999999999997, 2.0259500000000004, 1.9791999999999972, 1.9699500000000003, 1.9999999999999996, 2.069949999999999, 2.179199999999999, 2.325950000000001, 2.507199999999999, 2.7187500000000018, 2.9551999999999996, 3.20995, 3.475200000000003, 3.7419499999999988, 4.000000000000003, 4.2379500000000005, 4.4432000000000045, 4.601950000000003, 4.699199999999999, 4.71875, 4.643200000000002, 4.453949999999999, 4.131200000000004, 3.653950000000003, 3.0]
Adams-Moulton 4 passos = [1.0, 1.7539500000000001, 2.3312, 2.7539499999999997, 3.0431999999999997, 3.2187499999999996, 3.2991999999999995, 3.3019499999999993, 3.2431999999999994, 3.1379499999999996, 2.9999999999999996, 2.8419499999999998, 2.6752000000000002, 2.5099500000000003, 2.3552, 2.2187499999999996, 2.1071999999999997, 2.02595, 1.9791999999999992, 1.9699499999999996, 2.0, 2.06995, 2.1792, 2.32595, 2.5072000000000005, 2.7187500000000013, 2.955200000000001, 3.209950000000001, 3.475200000000002, 3.7419500000000014, 4.000000000000002, 4.237950000000002, 4.443200000000004, 4.601950000000003, 4.699200000000001, 4.71875, 4.6432, 4.453950000000001, 4.131200000000002, 3.6539500000000027, 3.0000000000000018]

h = 12000.0
t = [0.0, 12000.0, 24000.0, 36000.0, 48000.0, 60000.0, 72000.0, 84000.0, 96000.0, 108000.0]

Solucao Analitica = [1.0, -1.0361089439898e16, -1.65832709759796e17, -8.39621388959694e17, -2.653765655039592e18, -6.47913603599949e18, -1.3435435059839388e19, -2.4891197254559285e19, -4.246378914815918e19, -6.801940926863908e19]
Adams-Bashforth 4 passos = [1.0, -1.0361089439898e16, -1.6583270975979603e17, -8.396213889596941e17, -2.653765655039592e18, -6.47913603599949e18, -1.3435435059839388e19, -2.4891197254559285e19, -4.246378914815919e19, -6.801940926863909e19]
Adams-Moulton 4 passos = [1.0, -1.0361089439898e16, -1.6583270975979603e17, -8.396213889596941e17, -2.6537656550395924e18, -6.47913603599949e18, -1.3435435059839388e19, -2.4891197254559285e19, -4.246378914815918e19, -6.801940926863907e19]

