Burden
h = 2.0
t = [0.0, 2.0]

Solucao Analitica = [0.5, 5.305471950534675]
Heun = [0.5, 2.5]
Ponto Medio = [0.5, 4.5]
Ralston = [0.5, 3.5]
Euler = [0.5, 3.5]
Runge Kutta 4 ordem = [0.5, 4.833333333333333]

h = 1.0
t = [0.0, 1.0, 2.0]

Solucao Analitica = [0.5, 2.6408590857704777, 5.305471950534675]
Heun = [0.5, 2.25, 4.125]
Ponto Medio = [0.5, 2.5, 5.0]
Ralston = [0.5, 2.375, 4.5625]
Euler = [0.5, 2.0, 4.0]
Runge Kutta 4 ordem = [0.5, 2.625, 5.255208333333334]

h = 0.5
t = [0.0, 0.5, 1.0, 1.5, 2.0]

Solucao Analitica = [0.5, 1.425639364649936, 2.6408590857704777, 4.009155464830968, 5.305471950534675]
Heun = [0.5, 1.375, 2.515625, 3.775390625, 4.916259765625]
Ponto Medio = [0.5, 1.40625, 2.59765625, 3.93994140625, 5.21490478515625]
Ralston = [0.5, 1.390625, 2.556640625, 3.857666015625, 5.065582275390625]
Euler = [0.5, 1.25, 2.25, 3.375, 4.4375]
Runge Kutta 4 ordem = [0.5, 1.4251302083333335, 2.6396026611328125, 4.006818970044454, 5.301605229265987]

h = 0.1
t = [0.0, 0.1, 0.2, 0.3, 0.4, 0.5, 0.6, 0.7, 0.8, 0.9, 1.0, 1.1, 1.2, 1.3, 1.4, 1.5, 1.6, 1.7, 1.8, 1.9, 2.0]

Solucao Analitica = [0.5, 0.6574145409621763, 0.829298620919915, 1.0150705962119986, 1.2140876511793646, 1.425639364649936, 1.648940599804746, 1.8831236462647614, 2.1272295357537665, 2.380198444421525, 2.6408590857704777, 2.9079169880267832, 3.179941538631727, 3.455351666190377, 3.7324000165776625, 4.009155464830968, 4.283483787802443, 4.5530263041364005, 4.815176267793525, 5.067052778860366, 5.305471950534675]
Heun = [0.5, 0.657, 0.828435, 1.013720675, 1.2122113458750001, 1.4231935371918751, 1.645878858597022, 1.8793961387497093, 2.122782733318429, 2.374974920316864, 2.6347972869501346, 2.9009510020798985, 3.172000857298288, 3.4463609473146084, 3.7222788467826424, 3.99781812569482, 4.270839028892776, 4.538977126926517, 4.799619725253802, 5.049879796405451, 5.286567175028023]
Ponto Medio = [0.5, 0.65725, 0.82896125, 1.01455218125, 1.21338016028125, 1.4247350771107812, 1.6478322602074131, 1.8818046475291914, 2.1256941355197565, 2.378442019749331, 2.6388784318230103, 2.9057106671644264, 3.177510287216691, 3.4526988673744436, 3.72953224844876, 4.00608313453588, 4.280221863662147, 4.549595159346673, 4.811602651078074, 5.063370929441271, 5.301724877032605]
Ralston = [0.5, 0.657125, 0.828698125, 1.014136428125, 1.212795753078125, 1.4239643071513282, 1.6468555594022176, 1.8806003931394506, 2.1242384344190928, 2.3767084700330976, 2.636837859386573, 2.903330834622163, 3.17475557225749, 3.4495299073445267, 3.725905547615702, 4.001950630115351, 4.275530446277463, 4.544286143136596, 4.805611188165939, 5.056625362923362, 5.294146026030315]
Euler = [0.5, 0.65, 0.8140000000000001, 0.9914000000000001, 1.18154, 1.383694, 1.5970634000000001, 1.8207697400000002, 2.053846714, 2.2952313854, 2.54375452394, 2.798129976334, 3.0569429739674003, 3.3186372713641403, 3.5815009985005544, 3.84365109835061, 4.103016208185671, 4.357317829004238, 4.604049611904662, 4.840454573095128, 5.063500030404641]
Runge Kutta 4 ordem = [0.5, 0.657414375, 0.8292982759973958, 1.0150700584326051, 1.2140869057030108, 1.425638395648218, 1.648939390417204, 1.8831221785568735, 2.1272277906775154, 2.380196401779562, 2.640856724185053, 2.9079142849148654, 3.1799384701879325, 3.455348207379656, 3.7323961411399473, 4.00915114530042, 4.283478995544286, 4.553021009404842, 4.81517043981479, 5.067046385945478, 5.305464960227352]


Wikipedia
h = 2.0
t = [0.0, 2.0, 4.0]

Solucao Analitica = [1.0, 7.38905609893065, 54.598150033144236]
Heun = [1.0, 5.0, 25.0]
Ponto Medio = [1.0, 5.0, 25.0]
Ralston = [1.0, 5.0, 25.0]
Euler = [1.0, 3.0, 9.0]
Runge Kutta 4 ordem = [1.0, 7.0, 49.0]

h = 1.0
t = [0.0, 1.0, 2.0, 3.0, 4.0]

Solucao Analitica = [1.0, 2.718281828459045, 7.38905609893065, 20.085536923187668, 54.598150033144236]
Heun = [1.0, 2.5, 6.25, 15.625, 39.0625]
Ponto Medio = [1.0, 2.5, 6.25, 15.625, 39.0625]
Ralston = [1.0, 2.5, 6.25, 15.625, 39.0625]
Euler = [1.0, 2.0, 4.0, 8.0, 16.0]
Runge Kutta 4 ordem = [1.0, 2.708333333333333, 7.335069444444444, 19.865813078703702, 53.80324375482253]

h = 0.5
t = [0.0, 0.5, 1.0, 1.5, 2.0, 2.5, 3.0, 3.5, 4.0]

Solucao Analitica = [1.0, 1.6487212707001282, 2.718281828459045, 4.4816890703380645, 7.38905609893065, 12.182493960703473, 20.085536923187668, 33.11545195869231, 54.598150033144236]
Heun = [1.0, 1.625, 2.640625, 4.291015625, 6.972900390625, 11.330963134765625, 18.41281509399414, 29.92082452774048, 48.62133985757828]
Ponto Medio = [1.0, 1.625, 2.640625, 4.291015625, 6.972900390625, 11.330963134765625, 18.41281509399414, 29.92082452774048, 48.62133985757828]
Ralston = [1.0, 1.625, 2.640625, 4.291015625, 6.972900390625, 11.330963134765625, 18.41281509399414, 29.92082452774048, 48.62133985757828]
Euler = [1.0, 1.5, 2.25, 3.375, 5.0625, 7.59375, 11.390625, 17.0859375, 25.62890625]
Runge Kutta 4 ordem = [1.0, 1.6484375, 2.71734619140625, 4.47937536239624, 7.383970323950052, 12.172013580886414, 20.06480363724245, 33.07557474576685, 54.52301774497504]

h = 0.1
t = [0.0, 0.1, 0.2, 0.3, 0.4, 0.5, 0.6, 0.7, 0.8, 0.9, 1.0, 1.1, 1.2, 1.3, 1.4, 1.5, 1.6, 1.7, 1.8, 1.9, 2.0, 2.1, 2.2, 2.3, 2.4, 2.5, 2.6, 2.7, 2.8, 2.9, 3.0, 3.1, 3.2, 3.3, 3.4, 3.5, 3.6, 3.7, 3.8, 3.9, 4.0]

Solucao Analitica = [1.0, 1.1051709180756477, 1.2214027581601699, 1.3498588075760032, 1.4918246976412703, 1.6487212707001282, 1.8221188003905089, 2.0137527074704766, 2.225540928492468, 2.45960311115695, 2.718281828459045, 3.0041660239464334, 3.3201169227365472, 3.6692966676192444, 4.0551999668446745, 4.4816890703380645, 4.953032424395115, 5.4739473917272, 6.0496474644129465, 6.6858944422792685, 7.38905609893065, 8.16616991256765, 9.025013499434122, 9.974182454814718, 11.023176380641601, 12.182493960703473, 13.463738035001692, 14.879731724872837, 16.444646771097048, 18.17414536944306, 20.085536923187668, 22.197951281441636, 24.532530197109352, 27.112638920657883, 29.96410004739701, 33.11545195869231, 36.59823444367799, 40.4473043600674, 44.701184493300815, 49.40244910553017, 54.598150033144236]
Heun = [1.0, 1.105, 1.221025, 1.349232625, 1.490902050625, 1.647446765940625, 1.8204286763643904, 2.0115736873826515, 2.22278892455783, 2.456181761636402, 2.714080846608224, 2.9990593355020874, 3.313960565729807, 3.6619264251314365, 4.046428699770237, 4.471303713246112, 4.9407906031369535, 5.459573616466334, 6.032828846195299, 6.666275875045805, 7.366234841925615, 8.139689500327805, 8.994356897862223, 9.938764372137756, 10.98233463121222, 12.135479767489503, 13.4097051430759, 14.81772418309887, 16.37358522232425, 18.092811670668297, 19.99255689608847, 22.09177537017776, 24.411411784046425, 26.9746100213713, 29.806944073615288, 32.936673201344895, 36.39502388748611, 40.216501395672154, 44.43923404221773, 49.10535361665059, 54.2614157463989]
Ponto Medio = [1.0, 1.105, 1.221025, 1.349232625, 1.490902050625, 1.647446765940625, 1.8204286763643904, 2.0115736873826515, 2.22278892455783, 2.456181761636402, 2.714080846608224, 2.9990593355020874, 3.313960565729807, 3.6619264251314365, 4.046428699770237, 4.471303713246112, 4.9407906031369535, 5.459573616466334, 6.032828846195299, 6.666275875045805, 7.366234841925615, 8.139689500327805, 8.994356897862223, 9.938764372137758, 10.982334631212222, 12.135479767489505, 13.409705143075904, 14.817724183098873, 16.373585222324255, 18.0928116706683, 19.992556896088473, 22.091775370177764, 24.41141178404643, 26.974610021371305, 29.80694407361529, 32.936673201344895, 36.39502388748611, 40.216501395672154, 44.43923404221773, 49.10535361665059, 54.2614157463989]
Ralston = [1.0, 1.105, 1.221025, 1.349232625, 1.490902050625, 1.647446765940625, 1.8204286763643904, 2.0115736873826515, 2.22278892455783, 2.456181761636402, 2.714080846608224, 2.9990593355020874, 3.313960565729807, 3.6619264251314365, 4.046428699770237, 4.471303713246112, 4.9407906031369535, 5.459573616466334, 6.032828846195299, 6.666275875045805, 7.366234841925615, 8.139689500327805, 8.994356897862223, 9.938764372137758, 10.982334631212222, 12.135479767489505, 13.409705143075904, 14.817724183098875, 16.373585222324255, 18.0928116706683, 19.992556896088473, 22.091775370177764, 24.41141178404643, 26.974610021371305, 29.80694407361529, 32.936673201344895, 36.39502388748611, 40.216501395672154, 44.43923404221773, 49.10535361665059, 54.2614157463989]
Euler = [1.0, 1.1, 1.2100000000000002, 1.3310000000000002, 1.4641000000000002, 1.61051, 1.7715610000000002, 1.9487171, 2.1435888100000002, 2.357947691, 2.5937424601, 2.8531167061100002, 3.1384283767210004, 3.4522712143931003, 3.7974983358324104, 4.177248169415652, 4.594972986357217, 5.054470284992938, 5.559917313492232, 6.115909044841455, 6.727499949325601, 7.400249944258161, 8.140274938683977, 8.954302432552375, 9.849732675807612, 10.834705943388373, 11.918176537727211, 13.109994191499933, 14.420993610649926, 15.86309297171492, 17.449402268886413, 19.194342495775054, 21.11377674535256, 23.225154419887815, 25.547669861876596, 28.102436848064254, 30.91268053287068, 34.00394858615775, 37.404343444773524, 41.144777789250874, 45.25925556817596]
Runge Kutta 4 ordem = [1.0, 1.1051708333333334, 1.2214025708506946, 1.3498584970625378, 1.4918242400806858, 1.6487206385968383, 1.8221179620919332, 2.0137516265967768, 2.2255395632923154, 2.459601413780071, 2.718279744135166, 3.0041634900589815, 3.3201138677780597, 3.669293010013835, 4.055195613621165, 4.481683915635381, 4.953026347779351, 5.473940256297261, 6.049639114668925, 6.685884701724585, 7.389044767375545, 8.166156763097737, 9.024998275003362, 9.974164864417363, 11.02315609501219, 12.182470607488035, 13.463711193336392, 14.879700919298909, 16.44461146473234, 18.174104956321127, 20.085490719664882, 22.197898516560972, 24.532470001796455, 27.11257031561039, 29.96402192951173, 33.11536308585676, 36.598133417732214, 40.44718960771962, 44.701054244754836, 49.40230137055424, 54.597982574279904]


Chapra
h = 2.0
t = [0.0, 2.0, 4.0]

Solucao Analitica = [1.0, 2.0, 3.0]
Heun = [1.0, 10.0, 3.0]
Ponto Medio = [1.0, -2.0, 3.0]
Ralston = [1.0, 5.0, 5.0]
Euler = [1.0, 18.0, 19.0]
Runge Kutta 4 ordem = [1.0, 2.0, 3.0]

h = 1.0
t = [0.0, 1.0, 2.0, 3.0, 4.0]

Solucao Analitica = [1.0, 3.0, 2.0, 4.0, 3.0]
Heun = [1.0, 4.5, 4.0, 5.5, 3.0]
Ponto Medio = [1.0, 2.25, 1.0, 3.25, 3.0]
Ralston = [1.0, 3.4375, 2.625, 4.5625, 3.2500000000000004]
Euler = [1.0, 9.5, 8.0, 8.5, 11.0]
Runge Kutta 4 ordem = [1.0, 3.0, 2.0, 4.0, 3.0]

h = 0.5
t = [0.0, 0.5, 1.0, 1.5, 2.0, 2.5, 3.0, 3.5, 4.0]

Solucao Analitica = [1.0, 3.21875, 3.0, 2.21875, 2.0, 2.71875, 4.0, 4.71875, 3.0]
Heun = [1.0, 3.4375, 3.375, 2.6875, 2.5, 3.1875, 4.375, 4.9375, 3.0]
Ponto Medio = [1.0, 3.109375, 2.8125, 1.984375, 1.75, 2.484375, 3.8125, 4.609375, 3.0]
Ralston = [1.0, 3.27734375, 3.1015625, 2.34765625, 2.140625, 2.85546875, 4.1171875, 4.80078125, 3.03125]
Euler = [1.0, 5.25, 5.875, 5.125, 4.5, 4.75, 5.875, 7.125, 7.0]
Runge Kutta 4 ordem = [1.0, 3.21875, 3.0, 2.21875, 2.0, 2.71875, 4.0, 4.71875, 3.0]

h = 0.1
t = [0.0, 0.1, 0.2, 0.3, 0.4, 0.5, 0.6, 0.7, 0.8, 0.9, 1.0, 1.1, 1.2, 1.3, 1.4, 1.5, 1.6, 1.7, 1.8, 1.9, 2.0, 2.1, 2.2, 2.3, 2.4, 2.5, 2.6, 2.7, 2.8, 2.9, 3.0, 3.1, 3.2, 3.3, 3.4, 3.5, 3.6, 3.7, 3.8, 3.9, 4.0]

Solucao Analitica = [1.0, 1.7539500000000001, 2.3312, 2.7539499999999997, 3.0432, 3.21875, 3.2992, 3.3019499999999997, 3.2432, 3.137949999999999, 3.0, 2.8419500000000015, 2.6752000000000002, 2.50995, 2.355199999999998, 2.21875, 2.107199999999999, 2.025949999999998, 1.9791999999999987, 1.9699499999999937, 2.0, 2.069950000000002, 2.1792000000000087, 2.3259499999999917, 2.5072000000000045, 2.71875, 2.955200000000005, 3.2099500000000063, 3.4751999999999867, 3.7419500000000028, 4.0, 4.237950000000005, 4.4432000000000045, 4.601950000000016, 4.699199999999998, 4.71875, 4.6432, 4.453950000000006, 4.1311999999999784, 3.653950000000002, 3.0]
Heun = [1.0, 1.7559, 2.335, 2.7595, 3.0504000000000002, 3.2275, 3.3094, 3.3135, 3.256, 3.1519, 3.015, 2.8579000000000003, 2.6920000000000006, 2.5275000000000007, 2.3734000000000006, 2.2375000000000003, 2.1264000000000007, 2.0455000000000014, 1.999000000000001, 1.9899000000000013, 2.0200000000000014, 2.089900000000001, 2.199000000000001, 2.3455000000000013, 2.5264000000000015, 2.737500000000002, 2.973400000000002, 3.2275000000000023, 3.4920000000000027, 3.7579000000000025, 4.015000000000002, 4.251900000000003, 4.456000000000004, 4.613500000000005, 4.709400000000003, 4.727500000000002, 4.650400000000002, 4.459500000000003, 4.135000000000004, 3.6559000000000044, 3.000000000000004]
Ponto Medio = [1.0, 1.7529750000000002, 2.3293, 2.751175, 3.0396, 3.214375, 3.2941000000000003, 3.2961750000000003, 3.2368, 3.1309750000000003, 2.9925000000000006, 2.8339750000000006, 2.6668000000000003, 2.5011750000000004, 2.3461000000000007, 2.209375000000001, 2.0976000000000017, 2.0161750000000023, 1.9693000000000023, 1.959975000000003, 1.9900000000000027, 2.0599750000000023, 2.169300000000002, 2.316175000000002, 2.497600000000002, 2.7093750000000028, 2.9461000000000035, 3.2011750000000037, 3.4668000000000037, 3.733975000000004, 3.9925000000000037, 4.2309750000000035, 4.436800000000003, 4.596175000000003, 4.694100000000004, 4.714375000000005, 4.639600000000005, 4.451175000000005, 4.129300000000005, 3.652975000000005, 3.0000000000000044]
Ralston = [1.0, 1.75444375, 2.3321625, 2.75535625, 3.0450250000000003, 3.2209687500000004, 3.3017875000000005, 3.3048812500000007, 3.2464500000000007, 3.141493750000001, 3.003812500000001, 2.8460062500000007, 2.679475000000001, 2.5144187500000013, 2.359837500000001, 2.223531250000001, 2.1121000000000008, 2.030943750000001, 1.9842625000000007, 1.9750562500000008, 2.0051250000000005, 2.075068750000001, 2.184287500000001, 2.3309812500000016, 2.5121500000000014, 2.7235937500000023, 2.9599125000000024, 3.2145062500000026, 3.479575000000003, 3.746118750000003, 4.003937500000004, 4.241631250000004, 4.4466000000000045, 4.605043750000005, 4.701962500000005, 4.7211562500000035, 4.6452250000000035, 4.455568750000004, 4.132387500000005, 3.6546812500000057, 3.000250000000006]
Euler = [1.0, 1.85, 2.5118, 3.0082, 3.3608000000000002, 3.5900000000000003, 3.7150000000000003, 3.7538000000000005, 3.7232000000000003, 3.6388000000000007, 3.5150000000000006, 3.3650000000000007, 3.200800000000001, 3.0332000000000012, 2.8718000000000012, 2.725000000000001, 2.600000000000001, 2.5028000000000015, 2.4382000000000006, 2.4098000000000006, 2.420000000000001, 2.4700000000000006, 2.5598, 2.6882000000000006, 2.8528000000000007, 3.0500000000000016, 3.2750000000000017, 3.521800000000001, 3.783200000000002, 4.0508000000000015, 4.315000000000002, 4.565000000000002, 4.788800000000004, 4.973200000000005, 5.103800000000003, 5.165000000000001, 5.140000000000001, 5.010800000000001, 4.758200000000002, 4.361800000000004, 3.8000000000000034]
Runge Kutta 4 ordem = [1.0, 1.7539500000000001, 2.3312, 2.75395, 3.0432, 3.21875, 3.2992, 3.3019499999999997, 3.2432, 3.13795, 3.0, 2.84195, 2.6752000000000002, 2.5099500000000003, 2.3552000000000004, 2.2187500000000004, 2.107200000000001, 2.0259500000000017, 1.9792000000000016, 1.969950000000002, 2.000000000000002, 2.0699500000000017, 2.1792000000000016, 2.3259500000000015, 2.507200000000002, 2.7187500000000027, 2.955200000000003, 3.209950000000003, 3.475200000000003, 3.741950000000003, 4.000000000000003, 4.237950000000002, 4.443200000000003, 4.601950000000003, 4.699200000000003, 4.7187500000000036, 4.643200000000004, 4.453950000000004, 4.131200000000005, 3.6539500000000054, 3.000000000000005]

